Energy:    [5.000000e-05]
Tfwhm:     [8.000000e-14]
lambda:    [4.000000e-07]
dz:        [0.002000]
zmax:      [2.500000]
Nt:        [16384]
tmax:      [1.200000e-12]
Pin:       [0.008000]
Pout:      [3.000000]
fiberD:    [4.000000e-04]
Chirp:     [0]
